4054
715
289
3605
134
3418
3012
650
2983
1580
2190
28
4112
1918
86
1721
4533
3428
3735
314
871
2251
4845
3166
2999
3775
758
2460
3926
842
2201
4122
3584
1138
2267
3019
1778
4867
2383
1712
389
4433
2579
1888
1954
3524
70
2564
957
1814
2863
1373
2478
2971
4361
1517
1312
3480
2508
3914
3772
3236
3135
2641
2411
4792
4614
575
3148
1259
1035
3000
4213
810
3162
2042
991
3748
2986
4708
2296
4114
3707
1786
3971
539
552
1520
4830
2954
887
2810
1465
2801
2372
4247
1172
768
2709
3193
2802
4430
4818
3634
4151
4974
2382
2339
559
4586
278
3086
3449
1538
3806
1662
1625
4644
4360
2666
3285
2039
4538
3726
2494
1652
3846
2082
2495
1112
3338
3190
3858
40
2295
4094
4397
1194
1033
286
2808
4092
1964
4088
872
2085
1238
2243
1243
918
4695
2133
1639
4780
3539
4020
606
13
1682
1114
726
1505
4345
1095
418
2353
2119
3474
601
2086
4624
2438
4233
290
2604
4735
3412
604
708
1454
3631
4966
2056
886
152
480
1118
2143
4104
4726
2509
2915
1213
4427
1797
1562
1998
4291
2098
3781
3249
3497
3352
4985
4336
4802
1696
1132
1809
1618
2433
3329
4926
2497
4215
2980
4864
4973
3237
4141
4843
775
3909
754
2615
1009
4799
1983
4642
4190
4516
3128
164
4091
4960
4134
1442
2688
4787
2100
1512
353
819
1282
3324
843
4478
3512
2355
1471
1606
3275
1912
738
1299
1094
2636
2708
3628
214
2818
4041
4585
3807
49
632
2717
4763
1515
4186
3491
4641
1846
4105
3175
77
190
3522
3188
1158
3215
1459
2008
2047
900
4076
2053
3568
2049
1329
4930
4464
4834
3217
1882
3176
4680
2707
2627
2416
471
2669
3556
3793
3093
4225
613
323
2769
3221
1513
378
3984
4808
4655
4435
2134
3954
3323
4630
4236
2940
1231
2977
1634
3739
497
3692
2362
830
4893
3559
2982
1627
1463
3950
462
1773
655
4964
594
1775
4184
4705
4651
1510
3391
838
4354
2870
2789
1294
4062
3831
2553
2432
4116
2145
2001
3259
804
2299
2440
4866
465
4426
208
4534
2149
2249
2815
3779
839
4788
2601
3535
3970
4697
2357
4923
1441
175
235
3033
2933
3625
1456
4239
1247
4338
1555
3907
4953
128
1350
2598
4844
4107
458
3059
2646
962
4293
3415
1610
1284
776
472
304
948
951
4025
3594
4175
3313
1170
3173
1723
3007
3755
2560
414
3992
3629
2361
1341
4634
3973
2803
3527
4828
4734
2131
4407
3146
808
2559
473
1949
3778
4489
3394
3998
161
4782
267
2512
348
255
1499
4517
4448
2668
4647
3048
4474
4928
379
574
4531
448
3060
4337
2751
2250
1876
2210
3608
1743
1819
4525
424
1149
3202
1860
956
1643
4943
1253
1594
2904
547
3362
4739
1355
2254
1180
2760
2476
52
4370
3346
2004
494
2518
371
3194
3533
2519
2308
4872
706
416
543
4310
2840
2549
3024
4621
2565
2122
3129
2552
2120
3132
199
4892
188
3252
3802
2298
526
344
729
1861
1635
1101
1829
3578
410
2752
4000
4165
657
2849
3456
674
394
2703
3703
1110
1838
1297
4858
415
2388
2880
1891
4351
476
4455
3942
3078
1613
2588
1074
3617
3770
3244
667
3864
3213
1023
2075
2135
1222
4052
3603
4909
2680
2854
3407
2728
237
3734
3890
1090
2929
1137
4694
4700
1250
4704
1915
700
1645
3277
1905
381
3183
747
1665
671
3848
1
2032
4235
2639
766
4331
3913
2020
405
725
1038
3374
1419
3765
1397
3567
4164
2754
4432
96
923
1119
18
1376
3112
2640
3880
1223
158
1878
1239
73
1451
340
4466
1416
3471
881
3667
680
3445
4613
3952
2632
437
4424
714
1083
4956
1384
4050
4627
696
4047
1440
3228
2766
2315
3278
1906
186
1027
988
3767
324
3478
247
1776
4362
2597
2473
2897
1339
516
2911
2212
1385
2160
4459
806
3281
1075
4142
3905
3453
2932
692
1140
778
4853
1784
528
357
3499
3668
1196
1428
3241
2443
285
888
4541
3455
2799
1832
2985
4852
435
2302
743
2436
1862
1996
1536
2919
3871
603
3687
3038
2634
3292
4228
4097
876
1168
2773
4490
1821
1674
3064
4936
3548
4403
1940
1069
4839
3937
1482
2696
489
3056
4366
1848
2343
3969
954
2765
1895
194
2551
3715
517
3519
4836
431
3392
3555
1612
2594
3147
456
307
946
2288
3782
2351
4747
498
3040
1595
4137
1518
4583
1656
65
169
2963
287
1387
4140
233
3327
3542
4551
1947
4422
241
4195
541
182
2066
1680
3079
723
4072
2741
179
3395
3336
665
2390
4206
236
2713
578
2523
1672
4040
2354
3307
1914
4724
3991
3081
2490
3139
4196
1831
4005
727
2630
4608
3311
745
4535
2336
2412
370
312
1678
3525
3732
126
1134
248
3496
2161
1256
3043
1569
1647
3643
115
2730
2231
2240
2010
3170
3999
3502
153
695
1226
2155
1930
1866
3134
4192
980
3747
2699
1561
4565
4343
4408
1048
1037
4199
4619
98
4149
2462
1966
1130
567
1117
137
2230
4996
2797
4721
3483
1221
4099
3694
4265
3092
3873
3968
3177
2264
4940
4030
1432
2458
2502
936
860
878
2344
486
3972
4761
1828
3233
4135
2414
983
4067
4395
1572
407
3526
2842
2163
3813
4746
4558
639
4139
3290
914
4645
3052
4982
3565
1045
2033
4784
3892
3723
3155
2332
1800
2423
3316
963
2387
3757
3291
4674
1855
2775
2027
1210
3382
1965
1395
796
4385
43
1994
4179
2415
2736
2721
4373
1356
970
974
2581
2538
2693
1535
1389
633
2623
2532
1932
4658
238
303
2520
1192
2304
2566
2861
2931
2762
529
1503
4081
434
1756
4777
1534
4819
2329
102
4967
8
3549
1790
2557
2427
3751
2593
4476
4243
3746
681
2080
4148
2481
2488
969
